ab
a1
aa
12
5
6
7
8
100
11
110
127
120
13
14
1448
1476
1478
1480
1489
1490
1492
1493
1494
1497
1499
15
1500
1502
1503
1504
1505
1506
1513
16
17
18
1880
1886
19
1921
1922
1e1
1st
2
20
200
21
22
23
24
25
26
27
28
29
2nd
3
30
300
3000
31
32
33
34
35
36
3rd
4
40
42
43
44
45
47
48
4th
53
50
500
56
57
66
60
78
70
7th
84
80
90
910
9th
001
003
004
1003
1004
1008
1009
100inch
101
1010
1013
1014
1015
1016
102
1020
1021
1022
1024
1025
103
1030
1031
1034
10341054
1035
104
1040
1042
1046
1048
1049
105
1050
1051
1053
1054
1055
1056
1057
106
1063
1065
107109
1075
1077
108
1080
1081
1084
1085
109
1091
1092
1099
10th
111
1101
1100
1101
1102
1103
1104
1105
1106
1111
1113
1114
1115
1116
112
1122
1125
1127
1128
1129
113
1130
1132
1133
114
1140
1150
1159
116
1162
1163
1167
117
1170
118
1184
1186
119
1190
11b
11the
1237
1201
1200
12000
1203
1204
1205
1206
1207
1208
121
1210
1214
1216
1217
1218
1219
122
1221
1225
123
1230
124
1240
125
126
1266
1269
127
1270
128
129
1293
1294
1296
1299
12a
12d
137
130
1300
1305
1307
131
1314
1319
1320
1330
1332
1336
1337
1339
134
1340
1341
1342
1343
1344
1346
1347
1348
1349
135
1350
1351
13511353
1352
1353
1354
1355
136
1368
1369
137
1370
1374
1376
1377
1379
138
1382
1384
1388
139
146
140
1400
141
1413
1414
1415
1417
142
1421
1428
143
1433
1434
1436
144
1440
1443
1444
1447
14480
145
1450
1453
1454
1455
1457
1458
14581468
1459
146
1460
1461
1463
1464
1465
1466
1467
1469
14691508
147
1470
1471
1472
1473
1474
1475
14760
1477
14780
1479
148
14803
1481
1482
1483
1484
1485
1486
1487
1488
14890
149
14902
1491
14925
14933
14948
1495
1496
14970
1498
14990
14a
14b
14d
14th
156
150
15000
150000
15027
15031
15043
15050
15060
1507
1508
1509
151
1510
1511
1512
15131
1514
1515
1516
1517
1518
1519
152
1520
1521
1522
1523
1524
1525
1526
1527
1528
1529
153
1530
1533
1534
1535
1536
1540
1543
1544
1545
1548
1549
155
1551
1557
1558
156
1560
1561
1562
1566
157
1574
157a
158
1584
159
15a
15b
15th
162
160
161
163
164
165
1651
166
167
167000
168
16b
16th
174
170
171
172
1730
174
175
175179
176
176000
17691832
177
178
1784
179
1796
1797
17a
17b
17th
184
180
181
182
182595
1828
183
1840
1859
186
186000
1862
1866
1869
187
1871
1872
1873
1874
1876
1877
1878
1879
188
18801
1881
1882
1883
1884
1885
18860
1887
1888
1889
1892
1893
1894
1895
1896
1898
18a
18b
18th
198
190
1900
1901
1903
1904
1905
1907
1908
1909
191
1911
1912
1914
1915
1917
1918
1919
192
1920
19210
19223
1923
1924
193
1936
196
197
1971
198
19th
1a
1b
1c
1d
1e
1e10
1e2
1e3
1e4
1e5
1e6
1e7
1e8
1e9
1f
1f1
1f2
1f3
1f4
1f5
1f6
1s
1st6
1the
216
208
2005
2000
20000
2001
2002
2003
2004
201
202
203
2030
204
205
206
207
208
209
20th
213
210
211
212
2123
213
214
215
216
216221
217
218
219
2193
21a
21st
228
220
221
222
223
224
225
225b
226
227
227231
228
22a
231
232
232234
233
235
235239
237
238
239
23rd
249
240
240250
242
2427
243
246
247
24th
24the
251
250
2500
25000
250262
251
252
254
255
258
259
25b
269
260
262
2628
2629
263
264
266
267
26a
26th
274
270
271
273
274
275
276
277
278
279
27a
27th
288
280
281
282
283
284
286
287
288
28a
291
290
291
292
293
294
295
297
29th
2a
2b
2d
2nd5
2the
309
303
3003
30000
30000
300307
301
3039
308
308a
309
30a
30b
311
310
311
312
313
315
316
318
319
322
321
322
326
333
331
332
333
334
335
336
337
338
339
342
342
343
344
345
346
347
34b
351
3500
353
354b
355
357
358
35a
364
360
361
362
363
364
36a
36b
37
370
374
377
378
38
386
389
39
390392
391
392
399
39b
3a
3b
3rd5
3the
440
406
400
4000
4041
408
40inch
41
410
412419
413
417
423
420
427
429
432
430
432
434
439
441
441
445
446
451
450
451
452
453
4557
458464
46
460
461
465
465469
466
472
470473
472
474477
476
477
478
479
47a
47b
484
480
481
483
486
4864
487
488
489
49
493
494
495
4a
4b
4d
4th0
573
508
5000
5000
500000
5000000000
501
501c3
502
504
506
507
508
51
510
511
512
515
516
518
519
52
523
524
525
526
528
52a
53
530
531
532
534
535
536
538
53a
545
55
5500
55a
563
560
561
564
565
567570
577
57000
571
577
578
58
582
59
593
594
596
5961887
5a
5b
5th
676
604
600
60000
605
606
607
608
609
61
610
611
612
613
614
616
617
618
619
62
627
62a
635
636
637
64
640
641
642
646
646221541
65
651
652
653
654
655
656
66
660
661
662
663
664
665
666
667
668
669
67
670
670673
672
674
675
676
677
679
68
680
681702
685
686
687
688
68a
69
694
695
6b
6th
708
700
700
7000
702
703
704
706709
71
710
711
712
713
714
715
717
718
719
72
720
722
723
724
725
7250000
727
728
729
72b
73
730
731740
732
74
741
742
743
744
745
746
747
748
749
75
750
751
753
754
756
75a
76
765
77
77b
78
788
789
78b
79
7918
796
798
7a
7th4
7the
844
801
800
801
802
805
809
81
810
812
813
814
815
816
817
819
82
821
825
826
829
82b
83
832
833
834
835
837
838
84
84116
842
844
845
846
849
85
856
857
858
86
861
866
867
869
87
870
874878
876
877
88
887
889
89
890
892
892901
894
896
897
8a
8d
8th
9
907
900
9000
901
902
909
91
9100
912
913
914
916
919
92
920
922
923
924
92830000
929
93
930
93000000
931
932
936
937
938
94
945
946
947
948
949
94b
95
950
951
96
960
961
962
963
966
968
969
96b
97
970
977
978
979
98
982
983
984
987
988
989
99
99105
992
992994
993
994
995
996
996999
997
99712
998
999
9a
9confirmavit
9l5
9o
9th1
9the
0
00
001 
002
003 
004 
007
01
010
016
0175
02
020
024
028
049
050
062
09
1
10
100 
1000
10000
100000
1000000
100000000000000000
1001
10011008
1002
1003
1004 
1005
1006
1007
1008 
1009 
10091013
100half
100inch 
101 
1010 
1011
1012
1013 
1014 
1015 
1016 
10161019
1017
1018
1019
102 
1020 
1021 
1022 
1023
1024 
10241028
1025 
1026
1027
1028
1029
10291033
103 
1030 
1031 
1032
1033
1034 
10341054 
1035 
1036
1037
1038
1039
103a
104 
1040 
1041
1042 
1043
1044
1045
1046 
1047
1048 
1049 
105 
1050 
1051 
1052
1053 
1054 
1055 
1056 
1057 
10571062
10571068
1058
1059
106 
1060
1061
1062
1063 
10631068
1064
1065 
1066
1067
1068
1069
107
1070
1071
107109 
1072
1073
1074
1075 
1076
1077 
1078
1079
108 
1080 
1081 
1082
1083
10831085
1084 
1085 
1086
108600a
1087
1088
1089
109 
1090
1091 
1092 
1093
10931098
1094
1095
1096
1097
1098
1099 
10a
10b
10l2
10nos
10solar
10th 
11  
110 
1100 
1100th
1101 
1102 
1103 
1104 
1105 
1106 
1107
1108
1109
110scheme
111 
1110
1111
1112
1113 
1114 
1115 
1116 
1117
11176
1118
1119
11191121
111different
112 
1120
11201125here
1121
112116
112116different
1122 
11221126
1123
1124
1125 
1125000000
1126
1126they
1127 
1128 
1129 
113 
1130 
1131
1132 
1133 
1134
11341139
1135
1136
1137
1138
1138b
1139
113th
114 
1140 
11401147
1141
1142
1143
1144
1145
1146
1147
1148
11481161
1149
115
1150 
1151
1152
1153
1154
1155
1156
1157
1158
1159 
116 
1160
1161
116119the
1162 
1163 
1164
1165
11651170
1166
1167 
1168
1169
117 
1170 
1170a
1171
117118definition
1172
1173
1174
1175
1176
1177
1178
1179
117a
118 
1180
11800
11801182
1181
1182
1183
11831187
1184 
11845
1185
1186 
1187
1188
11881202
1189
118a
119 
1190 
1191
119122
119122of
1192
1193
1194
1195
1196
1197
1198
1198a
1199
11b 
11mars
11the 
11there
11you
12 
120 
1200 
12000 
1201
1202
1203 
1204 
1205 
1206 
1207 
1208 
1209
120the
121 
1210 
1211
12111213
1212
1213
1214 
1215
1216 
1217 
12171219
1218 
1219 
121a
121b
122 
1220
1221 
1222
1223
1224
1225 
1226
1227
1228
1229
123 
1230 
1231
123125
123125of
1232
1233
1234
1235
1236
1237
1238
1239
124 
1240 
1241
1242
1243
1244
1245
1246
1247
1248
1249
125 
1250
1251
1252
1253
1254
1255
1256
1257
1258
1259
126 
1260
1261
126127general
1262
1263
1264
1265
12651270
1266 
1267
1268
1269 
126asee
127 
1270 
1271
12711274
1272
1273
1274
1275
12751279
1276
1277
1278
1279
128 
1280
1281
128129first
1282
1283
1284
1285
1286
1287
1288
1289
129 
1290
1291
1292
1293 
1294 
1295
1296 
1297
1298
1299 
12a 
12b
12br
12d 
12jupiter
12o
13  
130 
1300 
130000
130131the
1302
1303
1304
1305 
1306
1307 
1308
1309
131 
1310
1311
1312
1313
1314 
13141323
1315
1316
1317
1318
1319 
132
1320 
1321
132135
132135the
1322
1323
1324
13241329
1325
1326
1327
1328
1329
133
1330 
1331
133100
1332 
1333
13331335
1334
1335
1336 
1337 
1338
13381339
1339 
134 
1340 
1340000
13401345
1341 
1342 
1343 
1344 
1345
1346 
1347 
1348 
1349 
135 
1350 
135000
1351 
13511352
13511353 
1352 
1353 
1353footnote
1354 
1354footnote
1355 
1356
13561368
1357
1358
1359
136 
1360
1361
1362
1363
1364
1365
1366
1367
1367000
1368 
1369 
13691378
137 
1370 
1371
137140
137140light
1372
1373
1374 
1375
1376 
1377 
1378
1379 
1379l413
138 
1380
1381
138161
1382 
1383
1384 
1385
1386
1387
1388 
1389
138th
139 
1390
1391
1392
1393
1394
1395
1396
1397
1398
1399
139b
13b
13in
13saturn
14 
140 
1400 
1401
1402
1403
1404
1405
1406
1407
1408
1408000
1409
141 
1410
1411
141145
141145the
1412
1413 
1414 
14141434
1415 
1416
1417 
1417the
1418
1419
142 
1420
142000
1421 
1422
1423
1424
1425
1426
1427
1428 
1429
143 
1430
1431
1432
1433 
1434 
1435
14351457
1436 
1437
1438
1439
144 
1440 
1441
1442
1443 
1444 
1445
14451497
1446
1447 
1448 
1449
145 
1450 
1451
1452
1453 
1454 
1455 
1456
1457 
1458 
14581468 
1459 
145a
146 
1460 
14601529a
1461 
146147second
1462
14621521
1463 
1464 
1465 
1466 
1467 
1468
14681496
1469 
14691474
14691494
14691508 
147 
1470 
14701480
1471 
1472 
1473 
14731553
1474 
1475 
1476 
1477 
1478 
1479 
148 
1480 
148090
1481 
148149on
1482 
1483 
1484 
1485 
1486 
1487 
1488 
1489 
1489in4
149 
1490 
1490footnote
1491 
1492 
1493 
1494 
14941495
1495 
149598
1496 
1497 
1498 
1499 
14a 
14b 
14between
14d 
14inferri
14th 
14the
15 
150 
1500  
150000 
1501
150152
150152on
1502 
1503 
1504 
1505 
15051565
1506 
1507 
1508 
1509 
15091545
151 
1510 
151016
1510i
1511 
1512 
1513 
151314
151315
15131515
15131520
1514 
1515 
151516
1516 
1517 
1518 
15187
1519 
152 
1520 
15201554
1521 
1522 
1523 
1524 
1525 
1526 
1527 
1528 
1529 
153 
1530 
1531
153157
153157third
1532
1533 
1534 
1535 
1536 
1537
1538
1539
154
1540 
1541
1542
1543 
1544 
1545 
1546
15461565
1547
1548 
1549 
155 
1550
1551 
1552
1553
1554
1555
1556
1557 
1558 
1559
156 
1560 
1561 
1562 
1563
1564
1565
1566 
157 
1571
1572
1574 
1576
1578
157a 
158 
158159different
1582
1584 
1588
159 
1590
1598
159compare
15a 
15abuss
15b 
15mars
15plates
15th 
16  
160 
1600
160000
160162
160162on
161 
1613
1615
1617
1618
162
1628
163 
163165
163165on
164 
16478
164b
165 
1651 
166 
166174
166174on
167 
1670
167000 
168 
1682
169
16b 
16giovan
16in
16th 
16the
17  
170 
171 
1712
172 
1720
172000
172b
173
1730 
1739
174 
175 
175179 
175179shadow
176 
176000 
176177
1763
17691832 
177 
178 
17819
1784 
179 
1795
1796 
1797 
17a 
17alorz
17b 
17th 
18  
180 
180181the
1804
181 
18146
1817
1818
181b
182 
1820
1822
1824
182595 
1827
1828 
182further
183 
183187
183187fourth
1837
184
1840 
1842
1843
1849
1850
185000000
1852
1855
1856
1859 
186 
1860
186000 
1862 
1864
1865
1866 
1867i
1868
1869 
187 
1870
1871 
1871a
1872 
1873 
18736
1873memoire
1874 
1876 
1877 
1878 
1879 
187b
188 
1880 
1881 
188191
188191on
1882 
1883 
1884 
1885 
1886 
1887 
1888 
1889 
189
1890
1891
1892 
1893 
1894 
1895 
1896 
1898 
1899
18a 
18b 
18necessity
18th 
19  
190 
1900 
1901 
1903 
1904 
19045
1905 
1907 
1908 
1909 
190b
191 
1910
1911 
1912 
1914 
19141921
1915 
1917 
1918 
1919 
192 
1920 
1921 
192195
192195on
1922 
1923 
1924 
1925
193 
1936 
193b
194
1944
195
1952
196 
197 
197000000
1971 
197effects
198 
198a
199
1991
1994
1997
1998
1999
199on
19a
19comet
19th 
1a 
1b 
1c 
1d 
1diagrams
1e 
1e1 
1e2 
1e3 
1e4 
1e5 
1e6 
1e7 
1e8 
1e9 
1f 
1f1 
1f2 
1f3 
1f4 
1f5 
1f6 
1in
1opero
1s 
1st 
1the 
2  
20  
200 
2000 
20000 
20000000
2001 
2002 
200202
200202fifth
2003 
2004 
2007
2008
201 
2011
202 
202b
203 
2030 
204 
20417
204178txt
204178zip
204on
205 
205reflection
206 
207 
207a
207experiments
208 
208210
208210appendixon
209 
20a
20comet
20of
20th 
20the
21  
210 
211 
211212sixth
212 
2123 
2123variability
213 
214 
214on
215 
216 
216221 
2163
216on
217 
217a
218 
218221
219 
2193 
21a 
21st 
21typical
22  
220 
220a
221 
221a
222 
222224
2224
2227
2229
223 
2235
223an
224 
224a
224socksclothes
225 
2250
225an
225b 
226 
226on
227 
227231 
227231on
228 
2282
229
22a 
22nd
23  
230
23000
230largho
231
231235
2316
232 
232234 
232234the
233 
234
235 
235239 
235239the
236
237 
237243
238 
2386
239 
239b
23b
23ds
23rd 
23star
23th
24 
240 
2400
240250 
240250propositions
241
242 
2427 
243 
244
245
2453
245a
246 
246249
247 
248
248a
249
24focus
24th 
24the 
25  
250 
2500 
25000 
250000000
250262 
251 
251262
252 
253
254 
255 
256
257
258 
259 
25b 
25boxes
25differences
25giant
25is
25th
26 
260 
26000
26000000
261
262 
2627
2628 
2629 
2629the
262a
263 
263271combination
263272
264 
265
266 
267 
268
269
26a 
26th 
27  
270 
27000
270b
271 
2712
271b
272
272the
273 
273274
274 
274on
275 
276 
276on
277 
278 
278on
279 
2794
279a
27a 
27b
27th 
28 
280 
280on
281 
281283
281283on
282 
283 
2834
2836
284 
284286
284286on
284b
285
286 
287 
287288
288 
289
289291
289291an
28a 
28th
29  
290 
291 
292 
292an
293 
293the
294 
2946
294the
295 
295297
295297on
296
297 
29716
298
298290
298299on
299
299100
29b
29th 
2a 
2admonition
2b 
2d 
2dly
2irptooaiaaai
2l2b
2nd  
2s
2se
2the 
2we
2wulgariter
3 
30  
300 
3000  
30000 
300000
300000000
3000050000
300307 
301 
302
303
3030
3031
3039 
303a
303b
304
3046
305
306
307
3072
308 
308a 
309 
309proportions
30a 
30b 
30th
31 
310 
310318
310318proportions
311 
312 
313 
3135
315 
316 
317
31735
318 
319 
31900
319321
319321proportions
32  
320
321 
322 
322323relative
323
324
324relative
325
325327proportions
325a
326 
32600a
327
328
328331
328331on
328a
329
32b
32footnote
33 
330
331 
332 
332the
333 
333432
3335
333the
334 
334the
335 
336 
336the
337 
337the
338 
338341
338341the
339 
33a
33cost
34 
340
34000000
340b
341
342 
342vitruvius
343 
343the
344 
344proportions
345 
345349
345349the
346 
3461
347 
348
34800
349
34b 
34br
34those
35  
350
3500 
350354
350354the
351
352
353 
354
354b 
355 
355361
355361the
356
357 
358 
359
35a 
36 
360 
361 
361a
362 
362367the
363 
364 
3640
364b
365
366
367
368
368375
368375of
369
36a 
36b 
36the
37 
370 
371
372
373
374 
375
375379
375379on
375a
376
376b
377 
377a
378 
379
37a
37b
38 
380
380388
380388on
381
382
383
384
385
386 
386554109
387
387a
388
389 
389on
38a
39 
390
390392 
391 
392 
393
393396
393the
394
394396the
394411
395
396
397
397402the
397a
398
399 
39b 
3a 
3b 
3d
3dly
3knivesa
3la
3ordinis
3rd 
3the 
3three
3where
4  
40 
400 
4000 
400000000
401
402
402the
403
403407
403407the
404
4041 
4041the
405
406
407
408 
408411
408411the
409
40inch 
40nova
41 
410 
411
412
412419 
412419light
413 
414
4142
4146
415
416
417 
418
419
419b
41here
42 
420 
420422
420422the
420434
421
422
423
4230
423426
423426of
424
4246
4246of
425
426
427 
427429
427429the
428
429 
43 
430 
4300
43008txt
43008zip
430434
430434a
431
432 
432a
433
434 
4345
435
4352
435457
435the
436
436440
436440the
437
438
4386035
439 
44 
440
441 
441443
441443the
442
443
444
444448
444448the
445 
446 
447
448
449
449the
44a
45 
450 
4500
450451the
451 
452 
453 
453457
453light
454
454457on
455
4557 
456
457
458
458464 
458464on
459
46 
460 
461 
462
462100
463
463a
464
465 
465469 
465469the
466 
467
468
468a
469
46a
47 
470
470473 
470473light
471
472 
473
474
474477 
474477on
4748
4748the
475
476 
477 
478 
478of
479 
47a 
47b 
48 
480 
480of
481 
482
482508may
482the
483 
4833
483485
483485the
484
485
486 
4864 
487 
487the
488 
489 
489how
48la
49 
490
490b
490industry
491
491493
491493the
492
493 
493494
494 
494the
495 
495497
496
497
497on
498
498501
498501a
499
49definition
4a 
4b 
4callimachus
4d 
4eme
4il
4in
4suggestions
4th  
4that
4the
5  
50 
500 
5000 
50000
500000 
5000000
5000000000 
50008txt
50008zip
501 
501c3 
502 
502how
503
503506
503506useful
504 
505
506 
507 
508 
508ii
509
509on
50b
50the
51 
510 
510512
510512on
511 
512 
513
513520
513520on
514
515 
5155
516 
516b
517
518 
519 
51experimental
52 
520
521
521530
521530on
522
523 
524 
525 
5255
5255the
526 
527
528 
529
52a 
53 
530 
531 
532 
532on
533
533535
533535on
534 
535 
536 
536537
536569
537
537the
538 
538539
539
5394
539the
53a 
53b
53rd
54
540
540547
540547iii
541
542
5427
543
544
545 
5457
546
546b
547
548
548566
548on
549
549554
549554the
5497
55 
550
5500 
551
552
553
554
555
555559the
5556
5556how
5557
5558
556
556559
557
558
559
55a 
55b
56 
560 
561 
561b
561on
562
562565
562565on
563
564 
565 
566
566the
567
567570 
567570iv
5679
568
569
56b
56on
57 
570
57000 
57000000000000
571 
571572
572
572the
573
573of
574
574576
574576general
575
576
577 
5775
577581
577581how
578 
579
57b
57c
57the
58 
580
580000000
581
582 
582583
583
583of
584
584of
585
585the
586
5860
5864proof
586591how
5867
5869
587
588
589
58general
59 
590
591
592
592of
593 
593600
593600v
594 
595
596 
5961
5961887 
597
598
599
5a 
5b 
5diagram
5epimachus
5honestas
5in
5inno
5o
5stanghe
5th 
6 
60 
600 
6000
60000 
600000
601
601603
601603of
602
603
604
604of
605 
606 
6062
606of
607 
607609
607609of
607611
608 
6089
609 
609a
60a
60b
61 
610 
611 
611vi
612 
612617
612617on
613 
614 
615
616 
617 
618 
618627
618627of
619 
62 
620
621
622
623
624
625
626
6264
627 
628
628the
629
629634
629634on
62a 
62b
63
630
631
632
633
634
635 
635637
636 
637 
637on
638
638650
638650vii
639
63a
64 
640 
641 
642 
643
644
645
646 
64622154
646221541 
647
648
649
65 
650
651 
652 
652painting
653 
654 
654painting
655 
656 
6566
6566general
656aphorisms
657
657659
657659on
658
659
65a
66 
660 
661 
6617
661the
662 
663 
663bernardo
664 
664notes
665 
665668
665668on
666 
667 
668 
669 
669allegorical
67 
670 
670673 
670673allegorical
670674
671
672 
673
674 
674678
674678arrangement
675 
676 
677 
678
679 
679list
67that
68 
680 
680mottoes
681
681702 
682
683
684
685 
686 
687 
688 
689
68a 
69 
690
691
692
693
694 
695 
696
697
698
699
69a
69the
6a
6b 
6d
6digno
6solar
6th 
6the
7  
70 
700 
7000 
701
702 
703 
703705
704 
705
706709 
707
7071the
7073
708
709
70b
71 
710 
710715
711 
712 
713 
714 
715 
716718
716a
717 
718 
718b
719 
719724
719b
71b
72 
720 
721
722 
723 
724 
725 
7250000 
726
727 
7273refraction
728 
729 
72b 
72inch
73 
730 
73000
731
731740 
732 
733
734
735
736
737
7375
737a
738
739
74 
740
7400
741 
742 
743 
744 
745 
746 
747 
7475the
748 
7482
749 
75 
750 
751 
752
753 
754 
755
756 
757
758
7581
759
75a 
75b
76 
760
761
762
763
764
765 
766
767
768
7682
769
76the
77 
770
7700
771
772
773
774
775
776
777
778
7782demonstration
779
77b 
78 
780
781
782
783
784
785
786
787
788 
789 
78b 
79 
790
791
7918 
792
793
794
795
796 
797
797802
798 
799
79a
7a 
7b
7bris
7l2
7l6
7la
7mansuetis
7o6
7s
7th 
7the 
8   
80 
800 
8000
801 
802 
803
803809
804
805 
806
807
808
809 
8097
809811
80a
80b
81 
810 
8100
811
812 
813 
81396
814 
815 
816 
817 
818
818821
819 
82 
820
821 
822
822826
823
824
825 
826 
827
828
828831
829 
82a
82b 
83 
830
831
832 
833 
83300
834 
835 
836
837 
838 
8385
8385the
839
83a
84 
840
8402
840842
841
84116 
842 
843
843848
844 
845 
846 
847
848
848850
849 
84b
85 
850
851
851855
852
853
854
855
855a
856 
857 
858 
859
859864
86 
860
861 
862
863
864
865
86500
865867
865b
866 
866000
866400
867 
868
8688
8688opposite
8689
869 
86b
87 
870 
871
872
873
874
874878 
875
876 
877 
878
879
879882
879884
87a
88 
880
881
882
883
884
885
886
8860
886891
887 
888
888bossii
889 
8899
89 
890 
891
892 
892901 
893
894 
895
896 
897 
898
899
89a
89on
8a 
8b
8colte
8d 
8ii
8l2b
8oa
8ob
8s
8sjojai
8th 
8the
8vo
9  
90 
900 
9000 
901 
902 
903
903907
904
905
906
907
908
909 
90his
90the
91 
910 
911
912 
913 
913the
914 
9147
915
916 
916918
917
918
919 
9192the
919928
92 
920 
921
92109
922 
923 
924 
925
926
927
928
92830000 
929 
93 
930 
93000000 
931 
932 
933
933936
934
935
936 
937 
938 
938a
939
9398
9398the
939a
94 
940
941
942
942945
943
944
945 
946 
947 
948 
949 
94a
94b 
95 
950 
951 
952
952954
953
954
955
955960
956
957
958
959
95a
96 
960 
961 
962 
963 
963969
964
965
966 
967
968 
969 
96b 
97 
970 
971
972
972974
973
974
975
976
977 
978 
979 
979983
98 
980
9801037
980a
981
982 
983 
984 
985
985993
986
987 
987991
988 
989 
989991
99 
990
991
99105   
99106on
992	
992994	
993	
994	
995	
996	
996999	
997	
99712	
998	
999	
9a	
9b
9confirmavit	
9l5	
9o	
9th	
9the	
9v
00
0
a
about
above
across
after
afterwards
again
against
all
almost
alone
along
already
also
although
always
am
among
amongst
amoungst
amount
an
and
another
any
anyhow
anyone
anything
anyway
anywhere
are
around
as
at
back
be
became
because
become
becomes
becoming
been
before
beforehand
behind
being
below
beside
besides
between
beyond
bill
both
bottom
but
by
call
can
cannot
cant
co
computer
con
could
couldnt
cry
de
describe
detail
do
done
down
due
during
each
eg
eight
either
eleven
else
elsewhere
empty
enough
etc
even
ever
every
everyone
everything
everywhere
except
few
fifteen
fify
fill
find
fire
first
five
for
former
formerly
forty
found
four
from
front
full
further
get
give
go
had
has
hasnt
have
he
hence
her
here
hereafter
hereby
herein
hereupon
hers
herse"
him
himse"
his
how
however
hundred
i
ie
if
in
inc
indeed
interest
into
is
it
its
itse"
keep
last
latter
latterly
least
less
ltd
made
many
may
me
meanwhile
might
mill
mine
more
moreover
most
mostly
move
much
must
my
myse"
name
namely
neither
never
nevertheless
next
nine
no
nobody
none
noone
nor
not
nothing
now
nowhere
of
off
often
on
once
one
only
onto
or
other
others
otherwise
our
ours
ourselves
out
over
own
part
per
perhaps
please
put
rather
re
same
see
seem
seemed
seeming
seems
serious
several
she
should
show
side
since
sincere
six
sixty
so
some
somehow
someone
something
sometime
sometimes
somewhere
still
such
system
take
ten
than
that
the
their
them
themselves
then
thence
there
thereafter
thereby
therefore
therein
thereupon
these
they
thick
thin
third
this
those
though
three
through
throughout
thru
thus
to
together
too
top
toward
towards
twelve
twenty
two
un
under
until
up
upon
us
very
via
was
we
well
were
what
whatever
when
whence
whenever
where
whereafter
whereas
whereby
wherein
whereupon
wherever
whether
which
while
whither
who
whoever
whole
whom
whose
why
will
with
within
without
would
yet
you
your
yours
yourself
yourselves
